level1
stage1
part1
0000000000000000000000000000000000000000
0                                       
0                                       
0                                       
0                                       
0                            33333333333
0                           3           
0                    33                 
0                                       
0                                       
0              33                       
0                           333333333333 
0                            3          
0        33                  3          
0                            3          
0                            3          
0  33                        3          
0                            3          
0                            3          
0333333333333333333    33333333333      
0                 3                     
0                 3                     
0                 3                     
0                 3                     
0                 3                     
033000            333    33      3333333
0                        33             
0                        33             
0                       3333            
0                       3333            
0                       3333            
0     3333        33333333333           
0     3                                 
0     3                                 
0     3                                 
0     3                                 
0     3                                 
2222222222222222222222222222222222222222
1111111111111111111111111111111111111111
1111111111111111111111111111111111111111
1111111111111111111111111111111111111111
part1
part2
000000000000000000000000000000000000000
                                       
                                       
                                       
                                       
3333333333333             33333    3333
             3333      33333            
                          3             
                          3             
                          3             
                          3            
333333                   33            
   333                  333            
     3                  33              
     333333333333333333333             
     3333                      3333     
                                        
                                        
                                        
                                        
             33333333333333             
                                        
                                        
                                        
     3333                      3333     
                                        
                                        
                                        
 33                                  33 
                                        
                   33                   
 	                                          
                                     33
                                       
                                       
                                       
                                       
222222222222222222222222222222222222222 
111111111111111111111111111111111111111 
111111111111111111111111111111111111111 
111111111111111111111111111111111111111 
part2
part3
0000000000000000000000000000000000000000
                                       0
                                       0
                                       0
                                       0
                                       0
                                       0
                                       0
                                       0
                                       0
                                       0
                                       0
                                       0
                                       0
                                       0
                                       0
                                       0
                                       0
                                       0
                                       0
                                       0
                                       0
                                       0
                                       0
                                       0
                                       0
                                       0
                                       0
                                       0
                                       0
                                       0
                                       0
                                       0
                                       0
                                       0
                                       0
                                       0
2222222222222222222222222222222222222222
1111111111111111111111111111111111111111
1111111111111111111111111111111111111111
1111111111111111111111111111111111111111
part3
stage1
stage2
part1
0000000000000000000000000000000000000000
0                                      0
0                                      0
0                       33333          0
0                                      0
0      3333333333                      0
0                                      0
0                                      0
0                                  33330
0                      333333          0
0                                      0
0                                      0
0                  33                  0
0              33                      0
0          33                          0
0      33                              0
0  33                                  0
0                                      0
0                                      0
0333333333333333333333333333333333     0
0                                      0
0                                      0
0                                      0
0                                      0
0    33  33  33       33    33       330
033000                            333330
0                                      0
0                                      0
0                                      0
0        3   33333333333333            0
0        3                             0
0        3                             0
0        3                             0
0     333333                 33333     0
0     3            33            3     0
0     3            33            3     0
0     3            33            3     0
2222222222222222222222222222222222222222
1111111111111111111111111111111111111111
1111111111111111111111111111111111111111
1111111111111111111111111111111111111111
part1
part2
0000000000000000000000000000000000000000
0                                      0
0                                      0
0                                      0
0                                      0
0   33333333    33333333    3333333    0
0                                      0
0                                      0
0                                      0
0                                      0
0          3333        3333            0
0                                      0
0                                      0
0                                      0
0                                      0
0    3333                      3333    0
0                                      0
0                                      0
0                                      0
0                                      0
0            33333333333333            0
0                                      0
0                                      0
0                                      0
0    3333                      3333    0
0                                      0
0                                      0
0                                      0
033                                  330
0                                      0
0                  33                  0
0                                      0
033                                  330
0                                      0
0                                      0
0                                      0
0                                      0
2222222222222222222222222222222222222222
1111111111111111111111111111111111111111
1111111111111111111111111111111111111111
1111111111111111111111111111111111111111
part2
part3
0000000000000000000000000000000000000000
0                                      0
0                                      0
0                                      0
0                                      0
0                                      0
0                                      0
0                                      0
0                                      0
0                                      0
0                                      0
0                                      0
0                                      0
0                                      0
0                                      0
0                                      0
0                                      0
0                                      0
0                                      0
0                                      0
0                                      0
0                                      0
0                                      0
0                                      0
0                                      0
0                                      0
0                                      0
0                                      0
0                                      0
0                                      0
0                                      0
0                                      0
0                                      0
0                                      0
0                                      0
0                                      0
0                                      0
2222222222222222222222222222222222222222
1111111111111111111111111111111111111111
1111111111111111111111111111111111111111
1111111111111111111111111111111111111111
part3
stage2
stage3
part1
0000000000000000000000000000000000000000
0                                      0
0                                      0
0                       33333          0
0                                      0
0      3333333333                      0
0                                      0
0                                      0
0                                  33330
0                      333333          0
0                                      0
0                                      0
0                  33                  0
0              33                      0
0          33                          0
0      33                              0
0  33                                  0
0                                      0
0                                      0
0333333333333333333333333333333333     0
0                                      0
0                                      0
0                                      0
0                                      0
0    33  33  33       33    33       330
033000                            333330
0                                      0
0                                      0
0                                      0
0        3   33333333333333            0
0        3                             0
0        3                             0
0        3                             0
0     333333                 33333     0
0     3            33            3     0
0     3            33            3     0
0     3            33            3     0
2222222222222222222222222222222222222222
1111111111111111111111111111111111111111
1111111111111111111111111111111111111111
1111111111111111111111111111111111111111
part1
part2
0000000000000000000000000000000000000000
0                                      0
0                                      0
0                                      0
0                                      0
0   33333333    33333333    3333333    0
0                                      0
0                                      0
0                                      0
0                                      0
0          3333        3333            0
0                                      0
0                                      0
0                                      0
0                                      0
0    3333                      3333    0
0                                      0
0                                      0
0                                      0
0                                      0
0            33333333333333            0
0                                      0
0                                      0
0                                      0
0    3333                      3333    0
0                                      0
0                                      0
0                                      0
033                                  330
0                                      0
0                  33                  0
0                                      0
033                                  330
0                                      0
0                                      0
0                                      0
0                                      0
2222222222222222222222222222222222222222
1111111111111111111111111111111111111111
1111111111111111111111111111111111111111
1111111111111111111111111111111111111111
part2
part3
0000000000000000000000000000000000000000
0                                      0
0                                      0
0                                      0
0                                      0
0                                      0
0                                      0
0                                      0
0                                      0
0                                      0
0                                      0
0                                      0
0                                      0
0                                      0
0                                      0
0                                      0
0                                      0
0                                      0
0                                      0
0                                      0
0                                      0
0                                      0
0                                      0
0                                      0
0                                      0
0                                      0
0                                      0
0                                      0
0                                      0
0                                      0
0                                      0
0                                      0
0                                      0
0                                      0
0                                      0
0                                      0
0                                      0
2222222222222222222222222222222222222222
1111111111111111111111111111111111111111
1111111111111111111111111111111111111111
1111111111111111111111111111111111111111
part3
stage3
level1